name: vehicle_detection
channels:
  - conda-forge
  - defaults
dependencies:
  - bzip2=1.0.6=h470a237_2
  - cairo=1.14.12=he56eebe_3
  - dbus=1.13.0=h3a4f0e9_0
  - expat=2.2.5=hfc679d8_2
  - ffmpeg=4.0.2=ha6a6e2b_0
  - fontconfig=2.13.0=hd36ec8e_5
  - freetype=2.8.1=hfa320df_1
  - gettext=0.19.8.1=h5e8e0c9_1
  - giflib=5.1.4=h470a237_1
  - glib=2.55.0=h464dc38_2
  - gmp=6.1.2=hfc679d8_0
  - gnutls=3.5.19=h2a4e5f8_1
  - graphite2=1.3.12=hfc679d8_1
  - gst-plugins-base=1.12.5=hde13a9d_0
  - gstreamer=1.12.5=h61a6719_0
  - harfbuzz=1.8.5=h2bb21d5_0
  - hdf5=1.10.2=hc401514_2
  - icu=58.2=hfc679d8_0
  - jasper=1.900.1=hff1ad4c_5
  - jpeg=9c=h470a237_1
  - libgfortran=3.0.0=1
  - libiconv=1.15=h470a237_3
  - libpng=1.6.35=ha92aebf_2
  - libtiff=4.0.9=he6b73bb_2
  - libuuid=2.32.1=h470a237_2
  - libwebp=0.5.2=7
  - libxcb=1.13=h470a237_2
  - libxml2=2.9.8=h422b904_5
  - mkl_fft=1.0.6=py36_0
  - mkl_random=1.0.1=py36_0
  - nettle=3.3=0
  - openblas=0.2.20=8
  - openh264=1.7.0=0
  - pcre=8.41=hfc679d8_3
  - pip=18.0=py36_1
  - pixman=0.34.0=h470a237_3
  - pthread-stubs=0.4=h470a237_1
  - python=3.6.6=h5001a0f_0
  - qt=5.6.2=h50c60fd_8
  - setuptools=40.4.0=py36_1000
  - wheel=0.31.1=py36_1001
  - x264=1!152.20180717=h470a237_1
  - xorg-kbproto=1.0.7=h470a237_2
  - xorg-libice=1.0.9=h470a237_4
  - xorg-libsm=1.2.2=h8c8a85c_6
  - xorg-libx11=1.6.6=h470a237_0
  - xorg-libxau=1.0.8=h470a237_6
  - xorg-libxdmcp=1.1.2=h470a237_7
  - xorg-libxext=1.3.3=h470a237_4
  - xorg-libxrender=0.9.10=h470a237_2
  - xorg-renderproto=0.11.1=h470a237_2
  - xorg-xextproto=7.3.0=h470a237_2
  - xorg-xproto=7.0.31=h470a237_7
  - asn1crypto=0.24.0=py36_0
  - blas=1.0=mkl
  - ca-certificates=2018.03.07=0
  - certifi=2018.8.24=py36_1
  - cffi=1.11.5=py36he75722e_1
  - chardet=3.0.4=py36_1
  - cloudpickle=0.5.6=py36_0
  - cryptography=2.3.1=py36hc365091_0
  - cycler=0.10.0=py36_0
  - dask-core=0.19.2=py36_0
  - decorator=4.3.0=py36_0
  - idna=2.7=py36_0
  - imageio=2.4.1=py36_0
  - intel-openmp=2019.0=118
  - kiwisolver=1.0.1=py36hf484d3e_0
  - libedit=3.1.20170329=h6b74fdf_2
  - libffi=3.2.1=hd88cf55_4
  - libgcc-ng=8.2.0=hdf63c60_1
  - libgfortran-ng=7.3.0=hdf63c60_0
  - libopenblas=0.3.3=h5a2b251_3
  - libopencv=3.4.1=h1a3b859_1
  - libprotobuf=3.5.2=h6f1eeef_0
  - libstdcxx-ng=8.2.0=hdf63c60_1
  - matplotlib=2.2.2=py36h0e671d2_0
  - mkl=2019.0=118
  - ncurses=6.1=hf484d3e_0
  - networkx=2.1=py36_0
  - numpy=1.15.2=py36h1d66e8a_0
  - numpy-base=1.15.2=py36h81de0dd_0
  - olefile=0.46=py36_0
  - opencv=3.4.1=py36h6fd60c2_2
  - openssl=1.0.2p=h14c3975_0
  - pillow=5.1.0=py36h3deb7b8_0
  - py-opencv=3.4.1=py36h0676e08_1
  - pycparser=2.18=py36_1
  - pyopenssl=18.0.0=py36_0
  - pyparsing=2.2.0=py36_1
  - pyqt=5.6.0=py36h22d08a2_6
  - pysocks=1.6.8=py36_0
  - python-dateutil=2.7.3=py36_0
  - pytz=2018.5=py36_0
  - pywavelets=1.0.0=py36hdd07704_0
  - readline=7.0=h7b6447c_5
  - requests=2.19.1=py36_0
  - scikit-image=0.14.0=py36hf484d3e_1
  - scikit-learn=0.20.0=py36h4989274_1
  - scipy=1.1.0=py36hfa4b5c9_1
  - sip=4.18.1=py36hf484d3e_2
  - six=1.11.0=py36_1
  - sqlite=3.25.2=h7b6447c_0
  - tk=8.6.8=hbc83047_0
  - toolz=0.9.0=py36_0
  - tornado=5.1=py36h14c3975_0
  - urllib3=1.23=py36_0
  - xz=5.2.4=h14c3975_4
  - zlib=1.2.11=ha838bed_2

